 &plot nbnd=  46, nks=   121 /
            0.000000  0.000000  0.000000
  -12.644  -12.644  -11.222  -11.222  -11.207  -11.207   -0.172   -0.172    1.887    1.887
    2.073    2.073    2.479    2.479    3.964    3.964    3.999    3.999    4.356    4.356
    4.652    4.652    4.954    4.954    5.011    5.011    7.899    7.899    9.083    9.083
    9.163    9.163   10.456   10.456   10.828   10.828   11.337   11.337   13.489   13.489
   14.432   14.432   15.621   15.621   16.112   16.112
            0.006407  0.000000  0.000000
  -12.642  -12.641  -11.222  -11.222  -11.208  -11.208   -0.183   -0.181    1.873    1.898
    2.071    2.072    2.472    2.497    3.963    3.964    4.001    4.003    4.365    4.366
    4.648    4.657    4.909    4.930    4.978    4.982    7.912    7.912    9.076    9.079
    9.155    9.159   10.480   10.484   10.833   10.833   11.297   11.365   13.386   13.549
   14.388   14.388   15.663   15.663   16.121   16.127
            0.012814  0.000000  0.000000
  -12.634  -12.632  -11.223  -11.222  -11.208  -11.207   -0.214   -0.210    1.875    1.927
    2.082    2.084    2.473    2.519    3.957    3.959    3.990    3.993    4.372    4.373
    4.624    4.639    4.879    4.905    4.965    4.986    7.951    7.952    9.037    9.040
    9.140    9.145   10.545   10.551   10.845   10.846   11.246   11.383   13.240   13.580
   14.273   14.303   15.758   15.774   16.152   16.169
            0.019221  0.000000  0.000000
  -12.619  -12.617  -11.225  -11.223  -11.207  -11.206   -0.261   -0.256    1.878    1.951
    2.087    2.095    2.484    2.542    3.955    3.955    3.997    4.000    4.391    4.393
    4.619    4.638    4.836    4.855    4.965    5.014    8.014    8.015    8.975    8.976
    9.141    9.144   10.626   10.631   10.881   10.888   11.187   11.393   13.059   13.579
   14.115   14.204   15.868   15.904   16.205   16.241
            0.025628  0.000000  0.000000
  -12.599  -12.596  -11.228  -11.225  -11.205  -11.205   -0.322   -0.317    1.886    1.977
    2.095    2.109    2.494    2.556    3.946    3.951    4.000    4.004    4.392    4.393
    4.605    4.626    4.772    4.786    4.977    5.050    8.097    8.098    8.905    8.910
    9.144    9.147   10.683   10.684   10.951   10.972   11.121   11.389   12.855   13.546
   13.953   14.110   15.972   16.021   16.274   16.335
            0.032035  0.000000  0.000000
  -12.573  -12.569  -11.232  -11.228  -11.203  -11.203   -0.394   -0.388    1.907    2.011
    2.113    2.135    2.500    2.561    3.953    3.963    4.007    4.012    4.399    4.402
    4.589    4.609    4.692    4.704    4.982    5.073    8.196    8.198    8.843    8.853
    9.151    9.152   10.705   10.714   10.991   11.083   11.099   11.369   12.646   13.472
   13.819   14.024   16.069   16.123   16.353   16.433
            0.038442  0.000000  0.000000
  -12.543  -12.538  -11.238  -11.233  -11.202  -11.201   -0.474   -0.468    1.919    2.033
    2.122    2.153    2.491    2.542    3.960    3.974    4.013    4.019    4.378    4.382
    4.561    4.577    4.609    4.620    4.975    5.082    8.308    8.310    8.801    8.816
    9.158    9.158   10.709   10.726   10.900   11.169   11.194   11.345   12.447   13.346
   13.722   13.940   16.162   16.220   16.442   16.526
            0.044849  0.000000  0.000000
  -12.508  -12.503  -11.245  -11.239  -11.200  -11.199   -0.556   -0.551    1.941    2.058
    2.146    2.185    2.468    2.504    3.981    3.997    4.040    4.047    4.354    4.365
    4.493    4.495    4.573    4.574    4.959    5.079    8.429    8.431    8.782    8.803
    9.174    9.175   10.699   10.726   10.776   11.130   11.301   11.404   12.282   13.200
   13.655   13.860   16.251   16.316   16.544   16.624
            0.051256  0.000000  0.000000
  -12.469  -12.464  -11.253  -11.247  -11.198  -11.197   -0.639   -0.634    1.964    2.073
    2.174    2.214    2.439    2.458    4.009    4.023    4.045    4.052    4.314    4.336
    4.389    4.391    4.553    4.554    4.957    5.092    8.554    8.555    8.792    8.817
    9.182    9.183   10.620   10.668   10.733   11.006   11.399   11.505   12.158   13.050
   13.598   13.780   16.342   16.411   16.663   16.734
            0.057663  0.000000  0.000000
  -12.425  -12.419  -11.265  -11.257  -11.195  -11.194   -0.721   -0.717    1.978    2.068
    2.216    2.246    2.423    2.424    4.018    4.031    4.047    4.059    4.276    4.296
    4.322    4.328    4.563    4.564    4.996    5.146    8.683    8.683    8.829    8.858
    9.197    9.197   10.460   10.594   10.727   10.879   11.488   11.603   12.071   12.907
   13.550   13.707   16.439   16.513   16.800   16.863
            0.064070  0.000000  0.000000
  -12.381  -12.374  -11.279  -11.270  -11.192  -11.191   -0.802   -0.798    1.977    2.036
    2.259    2.263    2.400    2.408    3.980    4.002    4.027    4.044    4.205    4.214
    4.287    4.306    4.568    4.570    5.026    5.187    8.804    8.809    8.888    8.916
    9.210    9.211   10.276   10.435   10.715   10.795   11.558   11.682   12.010   12.774
   13.498   13.630   16.536   16.611   16.954   17.009
            0.070477  0.000000  0.000000
  -12.333  -12.325  -11.295  -11.286  -11.190  -11.189   -0.880   -0.877    1.947    1.975
    2.267    2.306    2.412    2.413    3.903    3.937    3.977    3.998    4.154    4.159
    4.260    4.277    4.587    4.591    5.093    5.262    8.909    8.928    8.972    8.990
    9.222    9.224   10.081   10.218   10.703   10.753   11.603   11.734   11.971   12.653
   13.444   13.554   16.644   16.719   17.120   17.170
            0.076884  0.000000  0.000000
  -12.283  -12.275  -11.313  -11.304  -11.187  -11.186   -0.950   -0.947    1.898    1.907
    2.285    2.362    2.439    2.455    3.809    3.858    3.892    3.915    4.143    4.145
    4.234    4.249    4.609    4.615    5.202    5.375    8.999    9.037    9.076    9.078
    9.237    9.241    9.887    9.990   10.688   10.724   11.634   11.761   11.956   12.549
   13.394   13.484   16.760   16.832   17.299   17.345
            0.083291  0.000000  0.000000
  -12.232  -12.224  -11.333  -11.324  -11.184  -11.183   -1.016   -1.013    1.829    1.829
    2.321    2.417    2.484    2.508    3.706    3.766    3.798    3.821    4.143    4.143
    4.217    4.228    4.627    4.633    5.327    5.496    9.073    9.122    9.172    9.180
    9.253    9.264    9.694    9.768   10.670   10.699   11.651   11.760   11.962   12.457
   13.344   13.417   16.881   16.949   17.492   17.535
            0.089698  0.000000  0.000000
  -12.183  -12.175  -11.355  -11.346  -11.182  -11.181   -1.071   -1.069    1.756    1.759
    2.367    2.472    2.535    2.564    3.589    3.658    3.685    3.709    4.150    4.150
    4.190    4.199    4.638    4.644    5.467    5.630    9.107    9.160    9.257    9.270
    9.278    9.299    9.543    9.595   10.647   10.671   11.655   11.742   11.976   12.378
   13.296   13.354   17.000   17.062   17.690   17.729
            0.096105  0.000000  0.000000
  -12.135  -12.127  -11.377  -11.367  -11.180  -11.179   -1.118   -1.116    1.697    1.701
    2.424    2.535    2.601    2.636    3.482    3.555    3.588    3.612    4.167    4.169
    4.182    4.186    4.649    4.655    5.622    5.774    9.061    9.118    9.287    9.287
    9.360    9.361    9.505    9.529   10.622   10.642   11.654   11.718   11.997   12.310
   13.253   13.299   17.118   17.173   17.898   17.933
            0.102512  0.000000  0.000000
  -12.090  -12.083  -11.398  -11.390  -11.177  -11.176   -1.155   -1.154    1.644    1.647
    2.496    2.604    2.679    2.714    3.384    3.459    3.493    3.515    4.160    4.166
    4.178    4.181    4.661    4.665    5.778    5.914    8.937    8.992    9.287    9.289
    9.432    9.432    9.563    9.567   10.595   10.612   11.648   11.693   12.016   12.252
   13.217   13.252   17.225   17.271   18.104   18.136
            0.108919  0.000000  0.000000
  -12.051  -12.045  -11.418  -11.411  -11.176  -11.175   -1.185   -1.184    1.597    1.600
    2.557    2.656    2.743    2.778    3.290    3.360    3.407    3.426    4.146    4.150
    4.188    4.190    4.658    4.661    5.919    6.032    8.798    8.849    9.293    9.295
    9.489    9.490    9.630    9.633   10.566   10.580   11.638   11.669   12.031   12.201
   13.186   13.211   17.318   17.353   18.303   18.330
            0.115325  0.000000  0.000000
  -12.021  -12.017  -11.435  -11.430  -11.175  -11.174   -1.208   -1.207    1.556    1.558
    2.612    2.693    2.801    2.831    3.210    3.268    3.327    3.341    4.128    4.131
    4.186    4.187    4.661    4.663    6.026    6.108    8.683    8.723    9.295    9.296
    9.530    9.530    9.691    9.696   10.541   10.551   11.629   11.647   12.046   12.154
   13.162   13.178   17.386   17.410   18.476   18.496
            0.121732  0.000000  0.000000
  -12.000  -11.998  -11.446  -11.443  -11.174  -11.174   -1.220   -1.220    1.528    1.528
    2.666    2.715    2.858    2.877    3.159    3.191    3.290    3.298    4.107    4.108
    4.202    4.203    4.658    4.659    6.114    6.158    8.611    8.634    9.302    9.303
    9.559    9.559    9.733    9.737   10.521   10.527   11.625   11.632   12.065   12.116
   13.150   13.158   17.428   17.440   18.608   18.619
            0.128139  0.000000  0.000000
  -11.992  -11.992  -11.448  -11.448  -11.174  -11.174   -1.225   -1.225    1.516    1.516
    2.706    2.706    2.887    2.887    3.158    3.158    3.280    3.280    4.096    4.096
    4.204    4.204    4.660    4.660    6.160    6.160    8.595    8.595    9.304    9.304
    9.567    9.567    9.750    9.750   10.517   10.517   11.625   11.625   12.086   12.086
   13.149   13.149   17.444   17.444   18.662   18.662
            0.128139  0.006407  0.000000
  -11.990  -11.990  -11.448  -11.447  -11.175  -11.174   -1.229   -1.229    1.519    1.520
    2.652    2.744    2.846    2.919    3.135    3.144    3.267    3.281    4.115    4.123
    4.171    4.175    4.665    4.671    6.138    6.156    8.596    8.607    9.287    9.292
    9.565    9.565    9.749    9.752   10.523   10.526   11.619   11.641   12.095   12.102
   13.098   13.176   17.446   17.458   18.655   18.724
            0.128139  0.012814  0.000000
  -11.982  -11.981  -11.446  -11.445  -11.176  -11.174   -1.240   -1.239    1.515    1.516
    2.588    2.742    2.831    2.950    3.079    3.092    3.247    3.269    4.126    4.134
    4.147    4.164    4.704    4.715    6.101    6.136    8.609    8.632    9.263    9.274
    9.561    9.562    9.748    9.753   10.542   10.549   11.618   11.669   12.131   12.142
   13.028   13.183   17.446   17.470   18.701   18.835
            0.128139  0.019221  0.000000
  -11.969  -11.967  -11.441  -11.439  -11.176  -11.173   -1.256   -1.256    1.523    1.526
    2.535    2.707    2.863    2.986    3.023    3.030    3.262    3.285    4.074    4.083
    4.228    4.251    4.749    4.764    6.056    6.108    8.631    8.664    9.236    9.255
    9.562    9.568    9.752    9.758   10.568   10.578   11.620   11.706   12.208   12.218
   12.949   13.173   17.462   17.498   18.804   18.997
            0.128139  0.025628  0.000000
  -11.953  -11.951  -11.437  -11.435  -11.176  -11.172   -1.284   -1.283    1.518    1.522
    2.471    2.651    2.860    2.931    2.963    3.012    3.268    3.290    3.962    3.971
    4.318    4.344    4.766    4.783    5.967    6.034    8.652    8.692    9.199    9.230
    9.555    9.568    9.752    9.761   10.586   10.597   11.610   11.732   12.313   12.319
   12.855   13.139   17.482   17.529   18.946   19.189
            0.128139  0.032035  0.000000
  -11.930  -11.928  -11.430  -11.427  -11.176  -11.171   -1.314   -1.313    1.521    1.526
    2.416    2.601    2.804    2.838    2.965    3.042    3.274    3.295    3.875    3.884
    4.431    4.459    4.797    4.815    5.886    5.966    8.669    8.711    9.202    9.248
    9.567    9.588    9.758    9.767   10.603   10.615   11.597   11.751   12.453   12.453
   12.759   13.091   17.512   17.569   19.135   19.422
            0.128139  0.038442  0.000000
  -11.904  -11.901  -11.422  -11.418  -11.176  -11.170   -1.351   -1.350    1.530    1.535
    2.374    2.563    2.705    2.729    2.990    3.068    3.282    3.302    3.771    3.780
    4.560    4.586    4.799    4.819    5.782    5.872    8.682    8.723    9.220    9.279
    9.588    9.613    9.768    9.773   10.609   10.621   11.580   11.760   12.605   12.608
   12.664   13.030   17.561   17.625   19.355   19.679
            0.128139  0.044849  0.000000
  -11.873  -11.870  -11.412  -11.408  -11.176  -11.170   -1.393   -1.391    1.539    1.545
    2.346    2.540    2.603    2.625    3.020    3.096    3.292    3.310    3.680    3.688
    4.706    4.731    4.788    4.808    5.676    5.776    8.698    8.737    9.249    9.313
    9.632    9.647    9.785    9.789   10.608   10.621   11.567   11.765   12.575   12.781
   12.786   12.963   17.621   17.692   19.587   19.787
            0.128139  0.051256  0.000000
  -11.840  -11.836  -11.402  -11.398  -11.178  -11.171   -1.440   -1.437    1.534    1.541
    2.312    2.492    2.514    2.518    3.054    3.127    3.308    3.326    3.567    3.575
    4.752    4.776    4.831    4.847    5.557    5.667    8.723    8.761    9.271    9.326
    9.675    9.688    9.811    9.831   10.598   10.610   11.548   11.762   12.487   12.890
   12.953   12.961   17.682   17.758   19.692   19.730
            0.128139  0.057663  0.000000
  -11.802  -11.798  -11.391  -11.387  -11.182  -11.174   -1.489   -1.486    1.530    1.537
    2.287    2.382    2.423    2.505    3.084    3.155    3.309    3.325    3.468    3.477
    4.713    4.737    4.944    4.955    5.440    5.558    8.762    8.800    9.286    9.325
    9.691    9.725    9.882    9.905   10.583   10.595   11.539   11.758   12.412   12.816
   13.126   13.134   17.760   17.839   19.639   19.651
            0.128139  0.064070  0.000000
  -11.763  -11.758  -11.380  -11.375  -11.184  -11.176   -1.539   -1.534    1.522    1.529
    2.260    2.307    2.383    2.515    3.114    3.187    3.315    3.331    3.380    3.392
    4.664    4.687    5.046    5.054    5.334    5.454    8.818    8.855    9.295    9.318
    9.699    9.739    9.991   10.004   10.564   10.575   11.542   11.752   12.352   12.743
   13.297   13.305   17.854   17.933   19.562   19.564
            0.128139  0.070477  0.000000
  -11.722  -11.716  -11.368  -11.364  -11.190  -11.181   -1.590   -1.585    1.506    1.513
    2.203    2.225    2.374    2.529    3.134    3.215    3.268    3.288    3.338    3.356
    4.604    4.627    5.059    5.092    5.301    5.393    8.887    8.924    9.295    9.303
    9.699    9.741   10.104   10.104   10.543   10.550   11.551   11.746   12.301   12.672
   13.454   13.461   17.958   18.037   19.449   19.454
            0.128139  0.076884  0.000000
  -11.679  -11.673  -11.357  -11.353  -11.197  -11.188   -1.639   -1.634    1.481    1.489
    2.148    2.162    2.389    2.550    3.122    3.183    3.247    3.249    3.341    3.358
    4.541    4.563    4.968    5.040    5.367    5.416    8.968    9.003    9.291    9.294
    9.698    9.740   10.197   10.204   10.527   10.529   11.573   11.741   12.264   12.605
   13.600   13.607   18.073   18.149   19.327   19.337
            0.128139  0.083291  0.000000
  -11.637  -11.631  -11.346  -11.343  -11.206  -11.196   -1.685   -1.680    1.455    1.462
    2.098    2.107    2.421    2.583    3.051    3.087    3.246    3.273    3.348    3.365
    4.468    4.489    4.846    4.932    5.442    5.470    9.054    9.085    9.280    9.290
    9.694    9.736   10.263   10.266   10.508   10.526   11.600   11.737   12.242   12.543
   13.722   13.728   18.204   18.274   19.210   19.222
            0.128139  0.089698  0.000000
  -11.595  -11.587  -11.337  -11.333  -11.218  -11.207   -1.730   -1.725    1.414    1.420
    2.061    2.068    2.455    2.613    2.976    3.008    3.262    3.294    3.353    3.370
    4.403    4.422    4.722    4.811    5.520    5.538    9.137    9.156    9.290    9.296
    9.692    9.732   10.280   10.291   10.514   10.557   11.636   11.739   12.229   12.487
   13.831   13.836   18.338   18.401   19.088   19.101
            0.128139  0.096105  0.000000
  -11.553  -11.545  -11.327  -11.324  -11.231  -11.220   -1.768   -1.763    1.376    1.382
    2.048    2.053    2.498    2.648    2.917    2.948    3.286    3.316    3.367    3.383
    4.346    4.362    4.607    4.694    5.590    5.601    9.189    9.194    9.334    9.349
    9.690    9.727   10.256   10.276   10.551   10.607   11.681   11.749   12.229   12.438
   13.926   13.930   18.482   18.536   18.986   18.998
            0.128139  0.102512  0.000000
  -11.512  -11.504  -11.319  -11.316  -11.246  -11.236   -1.798   -1.795    1.345    1.350
    2.048    2.051    2.543    2.676    2.885    2.914    3.304    3.330    3.377    3.391
    4.298    4.311    4.509    4.587    5.655    5.662    9.195    9.211    9.411    9.437
    9.689    9.721   10.209   10.233   10.603   10.658   11.731   11.767   12.239   12.397
   14.006   14.010   18.631   18.674   18.903   18.915
            0.128139  0.108919  0.000000
  -11.474  -11.466  -11.312  -11.310  -11.263  -11.253   -1.822   -1.819    1.321    1.325
    2.048    2.050    2.581    2.687    2.863    2.883    3.324    3.345    3.396    3.407
    4.261    4.271    4.433    4.499    5.703    5.706    9.196    9.213    9.503    9.531
    9.692    9.716   10.155   10.179   10.646   10.698   11.772   11.788   12.252   12.367
   14.066   14.069   18.770   18.796   18.838   18.855
            0.128139  0.115325  0.000000
  -11.441  -11.433  -11.307  -11.306  -11.282  -11.273   -1.842   -1.840    1.292    1.295
    2.047    2.048    2.605    2.673    2.856    2.863    3.338    3.352    3.409    3.416
    4.236    4.242    4.369    4.417    5.730    5.732    9.194    9.207    9.590    9.616
    9.693    9.709   10.099   10.120   10.677   10.713   11.798   11.802   12.265   12.337
   14.104   14.106   18.766   18.772   18.907   18.930
            0.128139  0.121732  0.000000
  -11.413  -11.408  -11.304  -11.304  -11.298  -11.292   -1.854   -1.853    1.276    1.277
    2.044    2.044    2.619    2.653    2.855    2.856    3.344    3.351    3.414    3.418
    4.214    4.218    4.336    4.362    5.742    5.743    9.194    9.202    9.657    9.674
    9.697    9.704   10.052   10.067   10.698   10.721   11.812   11.813   12.279   12.315
   14.124   14.125   18.732   18.735   18.996   19.009
            0.128139  0.128139  0.000000
  -11.400  -11.400  -11.305  -11.305  -11.301  -11.301   -1.858   -1.858    1.269    1.269
    2.038    2.038    2.634    2.634    2.853    2.853    3.360    3.360    3.430    3.430
    4.225    4.225    4.333    4.333    5.739    5.739    9.197    9.197    9.688    9.688
    9.712    9.712   10.039   10.039   10.711   10.711   11.815   11.815   12.295   12.295
   14.129   14.129   18.721   18.721   19.034   19.034
            0.121732  0.121732  0.000000
  -11.425  -11.418  -11.304  -11.302  -11.294  -11.287   -1.851   -1.849    1.277    1.279
    2.040    2.041    2.613    2.658    2.852    2.854    3.332    3.342    3.413    3.417
    4.217    4.223    4.344    4.379    5.732    5.733    9.192    9.203    9.640    9.656
    9.688    9.698   10.069   10.089   10.689   10.714   11.805   11.806   12.274   12.319
   14.115   14.116   18.743   18.744   18.964   18.977
            0.115325  0.115325  0.000000
  -11.473  -11.463  -11.302  -11.300  -11.271  -11.263   -1.827   -1.824    1.315    1.319
    2.047    2.049    2.599    2.691    2.852    2.865    3.294    3.315    3.439    3.446
    4.252    4.263    4.420    4.485    5.713    5.715    9.191    9.214    9.556    9.565
    9.664    9.672   10.150   10.183   10.653   10.701   11.779   11.788   12.266   12.347
   14.076   14.078   18.743   18.804   18.835   18.874
            0.108919  0.108919  0.000000
  -11.534  -11.524  -11.300  -11.298  -11.252  -11.244   -1.792   -1.788    1.354    1.360
    2.041    2.044    2.567    2.700    2.842    2.871    3.209    3.237    3.485    3.496
    4.286    4.298    4.547    4.630    5.650    5.653    9.177    9.223    9.452    9.460
    9.619    9.627   10.234   10.284   10.583   10.660   11.721   11.757   12.263   12.373
   13.995   13.998   18.533   18.603   18.910   18.948
            0.102512  0.102512  0.000000
  -11.605  -11.594  -11.297  -11.295  -11.236  -11.228   -1.740   -1.735    1.426    1.434
    2.031    2.036    2.543    2.701    2.856    2.897    3.126    3.157    3.553    3.567
    4.329    4.341    4.714    4.802    5.559    5.563    9.149    9.227    9.341    9.381
    9.558    9.568   10.285   10.375   10.537   10.603   11.666   11.737   12.281   12.406
   13.881   13.885   18.288   18.368   19.037   19.078
            0.096105  0.096105  0.000000
  -11.683  -11.672  -11.294  -11.291  -11.223  -11.215   -1.676   -1.670    1.522    1.530
    2.025    2.032    2.542    2.708    2.889    2.943    3.045    3.068    3.641    3.657
    4.380    4.392    4.896    4.981    5.466    5.472    9.099    9.205    9.252    9.327
    9.486    9.498   10.258   10.408   10.563   10.581   11.629   11.734   12.316   12.449
   13.747   13.752   18.036   18.126   19.173   19.220
            0.089698  0.089698  0.000000
  -11.767  -11.756  -11.288  -11.285  -11.213  -11.206   -1.599   -1.592    1.640    1.648
    2.033    2.041    2.578    2.743    2.880    2.969    2.999    3.013    3.756    3.773
    4.425    4.436    5.078    5.153    5.375    5.382    9.032    9.125    9.217    9.287
    9.408    9.426   10.186   10.339   10.634   10.643   11.616   11.753   12.364   12.504
   13.595   13.599   17.795   17.892   19.297   19.353
            0.083291  0.083291  0.000000
  -11.857  -11.846  -11.283  -11.279  -11.207  -11.200   -1.513   -1.506    1.765    1.771
    2.035    2.042    2.619    2.762    2.814    2.870    3.042    3.045    3.876    3.894
    4.460    4.469    5.223    5.251    5.271    5.292    8.966    9.039    9.177    9.233
    9.328    9.359   10.103   10.244   10.709   10.720   11.618   11.785   12.418   12.569
   13.411   13.415   17.555   17.656   19.377   19.445
            0.076884  0.076884  0.000000
  -11.949  -11.938  -11.277  -11.274  -11.203  -11.197   -1.416   -1.410    1.899    1.900
    2.039    2.041    2.689    2.691    2.770    2.850    3.104    3.110    4.001    4.020
    4.485    4.492    5.131    5.138    5.344    5.375    8.908    8.959    9.118    9.156
    9.256    9.306   10.045   10.172   10.778   10.791   11.646   11.849   12.478   12.644
   13.218   13.218   17.328   17.430   19.379   19.470
            0.070477  0.070477  0.000000
  -12.040  -12.030  -11.271  -11.267  -11.202  -11.196   -1.314   -1.308    1.996    2.016
    2.056    2.069    2.581    2.655    2.793    2.940    3.173    3.180    4.134    4.153
    4.505    4.509    5.033    5.041    5.420    5.427    8.864    8.892    9.043    9.066
    9.195    9.249   10.025   10.159   10.842   10.856   11.692   11.934   12.520   12.710
   13.036   13.039   17.116   17.217   19.258   19.383
            0.064070  0.064070  0.000000
  -12.129  -12.120  -11.265  -11.261  -11.200  -11.196   -1.202   -1.195    2.033    2.047
    2.141    2.146    2.510    2.578    2.957    3.087    3.242    3.250    4.250    4.271
    4.505    4.506    4.940    4.950    5.430    5.447    8.829    8.831    8.964    8.975
    9.134    9.177   10.066   10.222   10.893   10.908   11.757   12.033   12.496   12.688
   12.922   12.950   16.929   17.026   18.986   19.120
            0.057663  0.057663  0.000000
  -12.216  -12.207  -11.257  -11.253  -11.201  -11.196   -1.080   -1.075    2.067    2.068
    2.229    2.231    2.458    2.509    3.126    3.238    3.334    3.342    4.379    4.400
    4.500    4.500    4.873    4.884    5.379    5.418    8.768    8.803    8.897    8.898
    9.065    9.084   10.166   10.368   10.932   10.945   11.840   12.119   12.357   12.575
   12.936   13.012   16.761   16.851   18.604   18.720
            0.051256  0.051256  0.000000
  -12.297  -12.290  -11.250  -11.247  -11.201  -11.197   -0.957   -0.951    2.058    2.071
    2.248    2.269    2.463    2.472    3.345    3.420    3.435    3.445    4.449    4.471
    4.483    4.483    4.841    4.852    5.295    5.350    8.702    8.764    8.834    8.844
    8.995    9.000   10.311   10.572   10.958   10.968   11.918   12.051   12.155   12.585
   13.016   13.108   16.622   16.705   18.184   18.285
            0.044849  0.044849  0.000000
  -12.373  -12.366  -11.243  -11.240  -11.202  -11.199   -0.828   -0.823    2.040    2.076
    2.225    2.258    2.478    2.512    3.505    3.512    3.597    3.658    4.413    4.422
    4.503    4.513    4.865    4.875    5.203    5.266    8.621    8.683    8.796    8.804
    8.947    8.959   10.484   10.806   10.971   10.978   11.842   11.849   12.105   12.750
   13.137   13.213   16.507   16.583   17.756   17.847
            0.038442  0.038442  0.000000
  -12.441  -12.435  -11.238  -11.235  -11.202  -11.200   -0.700   -0.694    1.997    2.051
    2.186    2.215    2.507    2.561    3.606    3.607    3.854    3.905    4.343    4.351
    4.499    4.505    4.902    4.913    5.113    5.175    8.515    8.558    8.787    8.788
    8.951    8.957   10.657   10.962   10.972   11.036   11.600   11.603   12.234   12.962
   13.280   13.328   16.418   16.488   17.333   17.412
            0.032035  0.032035  0.000000
  -12.502  -12.496  -11.233  -11.231  -11.204  -11.202   -0.572   -0.567    1.960    2.031
    2.156    2.175    2.519    2.586    3.699    3.699    4.055    4.088    4.279    4.282
    4.471    4.475    4.921    4.951    5.028    5.072    8.383    8.407    8.803    8.810
    8.976    8.978   10.811   10.946   10.963   11.203   11.346   11.347   12.415   13.192
   13.464   13.465   16.342   16.407   16.927   16.996
            0.025628  0.025628  0.000000
  -12.552  -12.548  -11.229  -11.227  -11.205  -11.204   -0.450   -0.444    1.925    2.006
    2.129    2.140    2.520    2.594    3.790    3.791    4.112    4.118    4.357    4.362
    4.442    4.446    4.894    4.973    5.000    5.005    8.244    8.256    8.853    8.863
    9.015    9.022   10.893   10.917   11.003   11.082   11.094   11.329   12.640   13.376
   13.660   13.681   16.278   16.336   16.551   16.604
            0.019221  0.019221  0.000000
  -12.593  -12.590  -11.225  -11.224  -11.206  -11.205   -0.341   -0.336    1.894    1.974
    2.105    2.109    2.503    2.575    3.867    3.868    4.066    4.067    4.417    4.420
    4.496    4.506    4.844    4.937    4.970    4.988    8.111    8.115    8.927    8.937
    9.059    9.068   10.847   10.856   10.876   10.881   11.102   11.376   12.883   13.490
   13.903   13.916   16.192   16.198   16.267   16.285
            0.012814  0.012814  0.000000
  -12.623  -12.620  -11.223  -11.222  -11.207  -11.206   -0.253   -0.248    1.875    1.942
    2.086    2.087    2.482    2.539    3.928    3.929    4.030    4.030    4.402    4.404
    4.587    4.607    4.849    4.929    4.964    4.978    8.000    8.001    9.007    9.015
    9.105    9.114   10.648   10.656   10.851   10.852   11.196   11.386   13.123   13.555
   14.147   14.154   15.914   15.928   16.174   16.203
            0.006407  0.006407  0.000000
  -12.639  -12.638  -11.221  -11.220  -11.207  -11.207   -0.193   -0.190    1.880    1.918
    2.083    2.084    2.474    2.508    3.980    3.981    4.019    4.020    4.380    4.381
    4.649    4.662    4.896    4.937    4.976    4.980    7.925    7.926    9.072    9.076
    9.152    9.157   10.508   10.513   10.837   10.838   11.280   11.376   13.337   13.563
   14.348   14.355   15.706   15.706   16.130   16.140
            0.000000  0.000000  0.000000
  -12.644  -12.644  -11.222  -11.222  -11.207  -11.207   -0.172   -0.172    1.887    1.887
    2.073    2.073    2.479    2.479    3.964    3.964    3.999    3.999    4.356    4.356
    4.652    4.652    4.954    4.954    5.011    5.011    7.899    7.899    9.083    9.083
    9.163    9.163   10.456   10.456   10.828   10.828   11.337   11.337   13.489   13.489
   14.432   14.432   15.621   15.621   16.112   16.112
            0.000000  0.000000  0.006015
  -12.642  -12.642  -11.222  -11.222  -11.208  -11.208   -0.182   -0.182    1.876    1.876
    2.060    2.060    2.490    2.490    3.959    3.959    3.992    3.992    4.370    4.370
    4.649    4.649    4.927    4.927    4.984    4.984    7.899    7.899    9.090    9.090
    9.170    9.170   10.457   10.457   10.843   10.843   11.319   11.319   13.467   13.467
   14.418   14.418   15.629   15.629   16.129   16.129
            0.000000  0.000000  0.012031
  -12.638  -12.638  -11.223  -11.223  -11.210  -11.210   -0.215   -0.215    1.877    1.877
    2.059    2.059    2.513    2.513    3.943    3.943    3.976    3.976    4.332    4.332
    4.582    4.582    4.924    4.924    4.981    4.981    7.899    7.899    9.103    9.103
    9.183    9.183   10.454   10.454   10.876   10.876   11.263   11.263   13.412   13.412
   14.395   14.395   15.651   15.651   16.177   16.177
            0.000000  0.000000  0.018046
  -12.629  -12.629  -11.222  -11.222  -11.210  -11.210   -0.265   -0.265    1.890    1.890
    2.070    2.070    2.563    2.563    3.935    3.935    3.968    3.968    4.366    4.366
    4.562    4.562    4.930    4.930    4.989    4.989    7.899    7.899    9.131    9.131
    9.211    9.211   10.458   10.458   10.938   10.938   11.195   11.195   13.338   13.338
   14.367   14.367   15.689   15.689   16.253   16.253
            0.000000  0.000000  0.024062
  -12.616  -12.616  -11.220  -11.220  -11.212  -11.212   -0.331   -0.331    1.920    1.920
    2.099    2.099    2.619    2.619    3.940    3.940    3.973    3.973    4.363    4.363
    4.522    4.522    4.940    4.940    5.000    5.000    7.899    7.899    9.175    9.175
    9.255    9.255   10.461   10.461   10.968   10.968   11.154   11.154   13.250   13.250
   14.334   14.334   15.742   15.742   16.345   16.345
            0.000000  0.000000  0.030077
  -12.599  -12.599  -11.220  -11.220  -11.214  -11.214   -0.407   -0.407    1.931    1.931
    2.106    2.106    2.677    2.677    3.918    3.918    3.951    3.951    4.353    4.353
    4.496    4.496    4.955    4.955    5.016    5.016    7.899    7.899    9.220    9.220
    9.301    9.301   10.462   10.462   10.878   10.878   11.230   11.230   13.148   13.148
   14.283   14.283   15.809   15.809   16.449   16.449
            0.000000  0.000000  0.036092
  -12.580  -12.580  -11.220  -11.220  -11.218  -11.218   -0.491   -0.491    1.942    1.942
    2.114    2.114    2.726    2.726    3.889    3.889    3.923    3.923    4.342    4.342
    4.468    4.468    4.966    4.966    5.029    5.029    7.899    7.899    9.271    9.271
    9.352    9.352   10.463   10.463   10.725   10.725   11.355   11.355   13.039   13.039
   14.222   14.222   15.889   15.889   16.559   16.559
            0.000000  0.000000  0.042108
  -12.557  -12.557  -11.221  -11.221  -11.220  -11.220   -0.572   -0.572    1.955    1.955
    2.123    2.123    2.786    2.786    3.860    3.860    3.893    3.893    4.330    4.330
    4.460    4.460    4.982    4.982    5.046    5.046    7.899    7.899    9.328    9.328
    9.411    9.411   10.465   10.465   10.555   10.555   11.501   11.501   12.931   12.931
   14.154   14.154   15.980   15.980   16.678   16.678
            0.000000  0.000000  0.048123
  -12.533  -12.533  -11.226  -11.226  -11.220  -11.220   -0.661   -0.661    1.968    1.968
    2.132    2.132    2.795    2.795    3.828    3.828    3.862    3.862    4.317    4.317
    4.483    4.483    4.995    4.995    5.060    5.060    7.899    7.899    9.388    9.388
    9.474    9.474   10.361   10.361   10.466   10.466   11.653   11.653   12.824   12.824
   14.082   14.082   16.082   16.082   16.804   16.804
            0.000000  0.000000  0.054139
  -12.507  -12.507  -11.231  -11.231  -11.219  -11.219   -0.749   -0.749    1.994    1.994
    2.155    2.155    2.782    2.782    3.800    3.800    3.835    3.835    4.318    4.318
    4.539    4.539    5.008    5.008    5.073    5.073    7.899    7.899    9.449    9.449
    9.542    9.542   10.160   10.160   10.470   10.470   11.806   11.806   12.726   12.726
   14.012   14.012   16.194   16.194   16.940   16.940
            0.000000  0.000000  0.060154
  -12.480  -12.480  -11.237  -11.237  -11.218  -11.218   -0.835   -0.835    2.024    2.024
    2.182    2.182    2.744    2.744    3.771    3.771    3.807    3.807    4.312    4.312
    4.624    4.624    5.021    5.021    5.087    5.087    7.899    7.899    9.501    9.501
    9.612    9.612    9.963    9.963   10.471   10.471   11.952   11.952   12.639   12.639
   13.942   13.942   16.312   16.312   17.085   17.085
            0.000000  0.000000  0.066169
  -12.453  -12.453  -11.244  -11.244  -11.218  -11.218   -0.916   -0.916    2.034    2.034
    2.188    2.188    2.681    2.681    3.733    3.733    3.770    3.770    4.291    4.291
    4.717    4.717    5.031    5.031    5.097    5.097    7.899    7.899    9.507    9.507
    9.679    9.679    9.803    9.803   10.473   10.473   12.071   12.071   12.563   12.563
   13.865   13.865   16.433   16.433   17.238   17.238
            0.000000  0.000000  0.072185
  -12.426  -12.426  -11.251  -11.251  -11.220  -11.220   -0.991   -0.991    2.043    2.043
    2.192    2.192    2.605    2.605    3.696    3.696    3.733    3.733    4.253    4.253
    4.809    4.809    5.045    5.045    5.109    5.109    7.899    7.899    9.402    9.402
    9.742    9.742    9.757    9.757   10.471   10.471   12.151   12.151   12.519   12.519
   13.788   13.788   16.552   16.552   17.393   17.393
            0.000000  0.000000  0.078200
  -12.399  -12.399  -11.259  -11.259  -11.220  -11.220   -1.057   -1.057    2.054    2.054
    2.200    2.200    2.534    2.534    3.671    3.671    3.709    3.709    4.241    4.241
    4.956    4.956    5.072    5.072    5.121    5.121    7.899    7.899    9.224    9.224
    9.792    9.792    9.808    9.808   10.472   10.472   12.180   12.180   12.541   12.541
   13.718   13.718   16.674   16.674   17.567   17.567
            0.000000  0.000000  0.084216
  -12.372  -12.372  -11.267  -11.267  -11.221  -11.221   -1.117   -1.117    2.063    2.063
    2.206    2.206    2.450    2.450    3.647    3.647    3.686    3.686    4.197    4.197
    5.038    5.038    5.141    5.141    5.157    5.157    7.899    7.899    9.030    9.030
    9.844    9.844    9.870    9.870   10.471   10.471   12.151   12.151   12.604   12.604
   13.656   13.656   16.784   16.784   17.745   17.745
            0.000000  0.000000  0.090231
  -12.349  -12.349  -11.275  -11.275  -11.221  -11.221   -1.169   -1.169    2.071    2.071
    2.211    2.211    2.380    2.380    3.624    3.624    3.664    3.664    4.186    4.186
    5.053    5.053    5.142    5.142    5.281    5.281    7.899    7.899    8.844    8.844
    9.894    9.894    9.923    9.923   10.472   10.472   12.104   12.104   12.682   12.682
   13.599   13.599   16.892   16.892   17.926   17.926
            0.000000  0.000000  0.096246
  -12.329  -12.329  -11.283  -11.283  -11.222  -11.222   -1.212   -1.212    2.070    2.070
    2.207    2.207    2.314    2.314    3.600    3.600    3.640    3.640    4.160    4.160
    5.063    5.063    5.148    5.148    5.414    5.414    7.899    7.899    8.672    8.672
    9.939    9.939    9.968    9.968   10.471   10.471   12.055   12.055   12.753   12.753
   13.548   13.548   16.983   16.983   18.114   18.114
            0.000000  0.000000  0.102262
  -12.312  -12.312  -11.289  -11.289  -11.222  -11.222   -1.251   -1.251    2.075    2.075
    2.211    2.211    2.250    2.250    3.587    3.587    3.627    3.627    4.154    4.154
    5.064    5.064    5.149    5.149    5.505    5.505    7.899    7.899    8.522    8.522
    9.976    9.976   10.006   10.006   10.472   10.472   12.013   12.013   12.807   12.807
   13.509   13.509   17.062   17.062   18.305   18.305
            0.000000  0.000000  0.108277
  -12.299  -12.299  -11.293  -11.293  -11.222  -11.222   -1.271   -1.271    2.080    2.080
    2.215    2.215    2.224    2.224    3.579    3.579    3.621    3.621    4.149    4.149
    5.076    5.076    5.160    5.160    5.619    5.619    7.899    7.899    8.413    8.413
   10.005   10.005   10.034   10.034   10.472   10.472   11.984   11.984   12.861   12.861
   13.481   13.481   17.122   17.122   18.494   18.494
            0.000000  0.000000  0.114293
  -12.290  -12.290  -11.295  -11.295  -11.222  -11.222   -1.284   -1.284    2.083    2.083
    2.206    2.206    2.217    2.217    3.575    3.575    3.617    3.617    4.146    4.146
    5.084    5.084    5.168    5.168    5.692    5.692    7.899    7.899    8.340    8.340
   10.024   10.024   10.052   10.052   10.473   10.473   11.967   11.967   12.891   12.891
   13.465   13.465   17.160   17.160   18.658   18.658
            0.000000  0.000000  0.120308
  -12.289  -12.289  -11.297  -11.297  -11.223  -11.223   -1.291   -1.291    2.080    2.080
    2.180    2.180    2.214    2.214    3.568    3.568    3.609    3.609    4.106    4.106
    5.063    5.063    5.146    5.146    5.707    5.707    7.899    7.899    8.314    8.314
   10.028   10.028   10.056   10.056   10.469   10.469   11.958   11.958   12.894   12.894
   13.457   13.457   17.160   17.160   18.729   18.729
            0.000000  0.006407  0.120308
  -12.285  -12.285  -11.296  -11.296  -11.224  -11.223   -1.292   -1.292    2.052    2.073
    2.157    2.177    2.247    2.256    3.564    3.569    3.607    3.611    4.119    4.120
    5.052    5.070    5.147    5.148    5.722    5.728    7.911    7.911    8.313    8.352
   10.013   10.016   10.048   10.053   10.496   10.505   11.950   11.953   12.898   12.905
   13.444   13.444   17.172   17.175   18.739   18.746
            0.000000  0.012814  0.120308
  -12.277  -12.276  -11.295  -11.295  -11.224  -11.223   -1.301   -1.301    2.005    2.026
    2.156    2.177    2.292    2.310    3.538    3.551    3.600    3.605    4.174    4.177
    4.969    5.008    5.095    5.102    5.735    5.746    7.946    7.947    8.347    8.422
    9.960    9.969   10.045   10.048   10.573   10.587   11.926   11.930   12.909   12.924
   13.401   13.402   17.216   17.222   18.774   18.787
            0.000000  0.019221  0.120308
  -12.264  -12.262  -11.292  -11.292  -11.224  -11.223   -1.314   -1.313    1.943    1.960
    2.168    2.186    2.340    2.364    3.490    3.510    3.598    3.603    4.230    4.233
    4.835    4.889    5.038    5.045    5.763    5.774    8.003    8.005    8.415    8.521
    9.899    9.911   10.045   10.047   10.667   10.686   11.887   11.894   12.934   12.956
   13.334   13.336   17.278   17.285   18.822   18.835
            0.000000  0.025628  0.120308
  -12.246  -12.244  -11.289  -11.288  -11.225  -11.223   -1.333   -1.333    1.876    1.888
    2.186    2.204    2.384    2.413    3.426    3.453    3.599    3.605    4.319    4.321
    4.661    4.727    4.965    4.972    5.758    5.768    8.077    8.081    8.512    8.641
    9.843    9.858   10.046   10.047   10.763   10.789   11.839   11.840   12.958   12.992
   13.247   13.254   17.363   17.372   18.868   18.876
            0.000000  0.032035  0.120308
  -12.222  -12.219  -11.284  -11.283  -11.226  -11.224   -1.354   -1.354    1.815    1.823
    2.212    2.229    2.418    2.450    3.358    3.392    3.602    3.609    4.398    4.403
    4.496    4.573    4.898    4.905    5.764    5.769    8.166    8.172    8.636    8.782
    9.801    9.818   10.050   10.051   10.851   10.889   11.782   11.790   12.987   13.040
   13.156   13.174   17.459   17.468   18.912   18.915
            0.000000  0.038442  0.120308
  -12.194  -12.191  -11.278  -11.278  -11.228  -11.225   -1.379   -1.378    1.747    1.751
    2.246    2.264    2.458    2.491    3.285    3.326    3.609    3.618    4.295    4.380
    4.515    4.522    4.804    4.810    5.743    5.745    8.266    8.274    8.780    8.937
    9.775    9.794   10.051   10.051   10.923   10.979   11.713   11.740   12.965   13.020
   13.133   13.144   17.566   17.574   18.930   18.949
            0.000000  0.044849  0.120308
  -12.160  -12.157  -11.272  -11.271  -11.231  -11.227   -1.406   -1.405    1.687    1.688
    2.282    2.301    2.478    2.510    3.212    3.261    3.616    3.626    4.108    4.207
    4.610    4.614    4.739    4.744    5.708    5.718    8.374    8.383    8.934    9.097
    9.765    9.785   10.057   10.058   10.974   11.057   11.645   11.701   12.879   12.919
   13.181   13.193   17.682   17.689   18.937   18.974
            0.000000  0.051256  0.120308
  -12.123  -12.119  -11.265  -11.265  -11.235  -11.231   -1.436   -1.436    1.633    1.635
    2.322    2.344    2.490    2.519    3.159    3.215    3.618    3.629    3.934    4.044
    4.649    4.653    4.714    4.717    5.659    5.676    8.483    8.494    9.095    9.259
    9.774    9.796   10.061   10.062   11.003   11.122   11.583   11.680   12.775   12.812
   13.241   13.264   17.808   17.813   18.931   18.986
            0.000000  0.057663  0.120308
  -12.083  -12.078  -11.258  -11.258  -11.240  -11.236   -1.462   -1.462    1.585    1.590
    2.353    2.377    2.492    2.512    3.112    3.174    3.608    3.620    3.752    3.875
    4.566    4.569    4.812    4.816    5.614    5.640    8.591    8.604    9.250    9.412
    9.803    9.826   10.064   10.064   11.011   11.169   11.530   11.674   12.666   12.705
   13.312   13.341   17.942   17.944   18.916   18.986
            0.000000  0.064070  0.120308
  -12.040  -12.035  -11.253  -11.252  -11.247  -11.241   -1.495   -1.494    1.518    1.525
    2.397    2.431    2.487    2.488    3.057    3.121    3.569    3.607    3.621    3.704
    4.485    4.488    4.915    4.919    5.540    5.574    8.696    8.710    9.386    9.539
    9.847    9.870   10.070   10.070   11.004   11.194   11.485   11.674   12.558   12.602
   13.379   13.412   18.073   18.075   18.864   18.944
            0.000000  0.070477  0.120308
  -11.994  -11.989  -11.257  -11.254  -11.243  -11.241   -1.522   -1.521    1.477    1.485
    2.423    2.453    2.491    2.499    3.036    3.104    3.408    3.558    3.594    3.609
    4.414    4.416    5.023    5.028    5.483    5.523    8.795    8.811    9.504    9.647
    9.921    9.941   10.075   10.076   10.998   11.206   11.468   11.692   12.459   12.510
   13.448   13.484   18.207   18.216   18.822   18.903
            0.000000  0.076884  0.120308
  -11.949  -11.943  -11.269  -11.264  -11.237  -11.236   -1.550   -1.550    1.430    1.441
    2.387    2.389    2.529    2.537    3.010    3.084    3.262    3.425    3.565    3.581
    4.342    4.343    5.101    5.106    5.421    5.464    8.880    8.897    9.587    9.720
   10.001   10.010   10.078   10.082   10.999   11.206   11.464   11.713   12.367   12.426
   13.506   13.544   18.316   18.339   18.785   18.853
            0.000000  0.083291  0.120308
  -11.902  -11.896  -11.284  -11.278  -11.231  -11.230   -1.576   -1.576    1.392    1.403
    2.315    2.333    2.569    2.583    2.980    3.041    3.178    3.333    3.519    3.536
    4.274    4.275    5.145    5.147    5.379    5.421    8.954    8.972    9.656    9.778
   10.056   10.062   10.093   10.115   11.015   11.209   11.472   11.738   12.285   12.353
   13.548   13.586   18.365   18.413   18.808   18.847
            0.000000  0.089698  0.120308
  -11.854  -11.848  -11.300  -11.294  -11.225  -11.224   -1.599   -1.599    1.358    1.369
    2.251    2.278    2.622    2.640    2.932    2.954    3.168    3.282    3.477    3.494
    4.236    4.236    5.149    5.159    5.377    5.407    9.021    9.039    9.715    9.829
   10.067   10.072   10.144   10.188   11.046   11.217   11.491   11.764   12.217   12.293
   13.583   13.621   18.342   18.406   18.907   18.924
            0.000000  0.096105  0.120308
  -11.808  -11.801  -11.318  -11.312  -11.219  -11.218   -1.618   -1.618    1.335    1.346
    2.200    2.231    2.675    2.698    2.882    2.885    3.187    3.266    3.430    3.447
    4.210    4.210    5.122    5.142    5.413    5.431    9.076    9.094    9.773    9.875
   10.073   10.077   10.192   10.252   11.087   11.234   11.525   11.794   12.164   12.245
   13.612   13.648   18.292   18.355   19.052   19.060
            0.000000  0.102512  0.120308
  -11.765  -11.759  -11.338  -11.332  -11.215  -11.214   -1.637   -1.637    1.301    1.311
    2.141    2.172    2.705    2.741    2.821    2.823    3.203    3.259    3.372    3.388
    4.184    4.185    5.068    5.090    5.446    5.456    9.117    9.134    9.813    9.903
   10.074   10.078   10.218   10.291   11.127   11.239   11.564   11.809   12.126   12.206
   13.628   13.660   18.219   18.274   19.201   19.206
            0.000000  0.108919  0.120308
  -11.725  -11.719  -11.357  -11.351  -11.210  -11.210   -1.649   -1.649    1.281    1.289
    2.112    2.139    2.694    2.728    2.839    2.842    3.225    3.264    3.332    3.344
    4.180    4.181    5.031    5.052    5.495    5.501    9.151    9.165    9.855    9.929
   10.080   10.083   10.246   10.317   11.167   11.248   11.616   11.821   12.106   12.178
   13.648   13.675   18.163   18.206   19.350   19.353
            0.000000  0.115325  0.120308
  -11.693  -11.689  -11.375  -11.370  -11.208  -11.208   -1.662   -1.661    1.256    1.262
    2.081    2.100    2.659    2.681    2.891    2.897    3.221    3.235    3.298    3.301
    4.170    4.170    4.992    5.007    5.517    5.520    9.170    9.180    9.884    9.936
   10.078   10.081   10.266   10.320   11.194   11.248   11.663   11.810   12.100   12.153
   13.655   13.674   18.111   18.141   19.472   19.474
            0.000000  0.121732  0.120308
  -11.670  -11.667  -11.387  -11.384  -11.207  -11.206   -1.667   -1.667    1.247    1.250
    2.063    2.073    2.643    2.652    2.939    2.944    3.199    3.200    3.288    3.295
    4.170    4.170    4.976    4.984    5.525    5.526    9.185    9.190    9.911    9.939
   10.081   10.082   10.287   10.317   11.218   11.244   11.712   11.788   12.107   12.135
   13.659   13.669   18.089   18.104   19.562   19.563
            0.000000  0.128139  0.120308
  -11.660  -11.660  -11.390  -11.390  -11.205  -11.205   -1.667   -1.667    1.253    1.253
    2.075    2.075    2.652    2.652    2.967    2.967    3.192    3.192    3.298    3.298
    4.178    4.178    4.979    4.979    5.551    5.551    9.195    9.195    9.937    9.937
   10.085   10.085   10.310   10.310   11.237   11.237   11.763   11.763   12.123   12.123
   13.674   13.674   18.093   18.093   19.599   19.599
            0.006407  0.128139  0.120308
  -11.658  -11.658  -11.390  -11.389  -11.205  -11.205   -1.663   -1.663    1.250    1.251
    2.060    2.063    2.530    2.622    2.873    2.879    3.210    3.302    3.355    3.376
    4.155    4.157    4.945    4.972    5.533    5.534    9.172    9.221    9.870    9.980
   10.065   10.066   10.303   10.330   11.240   11.274   11.769   11.774   12.092   12.175
   13.664   13.665   18.078   18.083   19.608   19.618
            0.012814  0.128139  0.120308
  -11.652  -11.651  -11.388  -11.387  -11.204  -11.204   -1.652   -1.652    1.242    1.245
    2.037    2.045    2.341    2.465    2.733    2.744    3.369    3.485    3.492    3.519
    4.133    4.138    4.875    4.929    5.528    5.530    9.166    9.256    9.805    9.985
   10.029   10.044   10.323   10.364   11.283   11.347   11.796   11.818   12.095   12.241
   13.657   13.659   18.043   18.052   19.639   19.656
            0.019221  0.128139  0.120308
  -11.641  -11.639  -11.384  -11.382  -11.201  -11.201   -1.631   -1.630    1.239    1.243
    1.998    2.021    2.161    2.286    2.597    2.607    3.542    3.602    3.656    3.682
    4.112    4.120    4.779    4.860    5.531    5.533    9.169    9.298    9.738    9.934
    9.973   10.034   10.380   10.412   11.355   11.452   11.845   11.896   12.129   12.327
   13.653   13.656   17.995   18.008   19.684   19.689
            0.025628  0.128139  0.120308
  -11.625  -11.623  -11.378  -11.376  -11.197  -11.197   -1.602   -1.601    1.233    1.239
    1.895    1.975    2.028    2.102    2.478    2.488    3.634    3.653    3.816    3.873
    4.144    4.154    4.655    4.763    5.533    5.536    9.178    9.343    9.667    9.863
    9.914   10.018   10.465   10.471   11.445   11.571   11.909   12.002   12.192   12.423
   13.647   13.651   17.927   17.944   19.627   19.678
            0.032035  0.128139  0.120308
  -11.605  -11.603  -11.371  -11.368  -11.192  -11.192   -1.566   -1.563    1.222    1.232
    1.731    1.893    1.936    1.940    2.386    2.394    3.605    3.613    3.998    4.041
    4.247    4.251    4.521    4.657    5.538    5.541    9.194    9.389    9.600    9.791
    9.858    9.994   10.541   10.567   11.547   11.693   11.992   12.133   12.282   12.526
   13.640   13.645   17.849   17.869   19.476   19.571
            0.038442  0.128139  0.120308
  -11.581  -11.579  -11.360  -11.357  -11.185  -11.185   -1.521   -1.517    1.212    1.229
    1.575    1.748    1.840    1.855    2.333    2.339    3.538    3.542    4.150    4.163
    4.362    4.417    4.482    4.598    5.557    5.561    9.218    9.434    9.546    9.733
    9.814    9.969   10.627   10.690   11.664   11.817   12.099   12.288   12.399   12.640
   13.641   13.647   17.768   17.789   19.288   19.404
            0.044849  0.128139  0.120308
  -11.554  -11.552  -11.350  -11.347  -11.178  -11.178   -1.472   -1.465    1.183    1.217
    1.423    1.585    1.735    1.750    2.302    2.306    3.415    3.418    4.059    4.118
    4.490    4.574    4.612    4.657    5.571    5.576    9.242    9.450    9.518    9.678
    9.773    9.942   10.718   10.813   11.787   11.928   12.215   12.446   12.525   12.744
   13.637   13.645   17.673   17.696   19.072   19.198
            0.051256  0.128139  0.120308
  -11.525  -11.522  -11.339  -11.336  -11.171  -11.171   -1.417   -1.408    1.123    1.201
    1.311    1.430    1.631    1.642    2.287    2.291    3.277    3.279    3.872    3.969
    4.672    4.721    4.760    4.804    5.581    5.586    9.268    9.420    9.543    9.637
    9.742    9.918   10.817   10.940   11.917   12.036   12.338   12.605   12.658   12.845
   13.633   13.642   17.574   17.599   18.840   18.969
            0.057663  0.128139  0.120308
  -11.494  -11.491  -11.328  -11.324  -11.164  -11.164   -1.358   -1.345    1.021    1.178
    1.250    1.294    1.531    1.539    2.275    2.278    3.123    3.125    3.665    3.782
    4.836    4.867    4.905    4.945    5.590    5.596    9.292    9.386    9.578    9.611
    9.719    9.897   10.921   11.067   12.052   12.146   12.459   12.758   12.792   12.941
   13.630   13.641   17.472   17.498   18.596   18.723
            0.064070  0.128139  0.120308
  -11.463  -11.460  -11.316  -11.312  -11.158  -11.157   -1.298   -1.281    0.905    1.133
    1.180    1.206    1.441    1.444    2.267    2.270    2.969    2.971    3.445    3.575
    4.981    4.989    5.040    5.087    5.595    5.601    9.314    9.362    9.603    9.615
    9.706    9.881   11.024   11.189   12.189   12.253   12.572   12.895   12.915   13.026
   13.634   13.648   17.369   17.394   18.348   18.469
            0.070477  0.128139  0.120308
  -11.429  -11.426  -11.304  -11.300  -11.150  -11.149   -1.232   -1.211    0.809    1.059
    1.126    1.172    1.384    1.384    2.259    2.262    2.835    2.838    3.230    3.369
    5.117    5.119    5.184    5.226    5.605    5.611    9.336    9.351    9.615    9.658
    9.704    9.873   11.138   11.317   12.335   12.378   12.687   13.019   13.029   13.119
   13.653   13.669   17.269   17.294   18.103   18.215
            0.076884  0.128139  0.120308
  -11.397  -11.394  -11.292  -11.288  -11.144  -11.143   -1.171   -1.145    0.721    0.977
    1.071    1.123    1.321    1.324    2.245    2.248    2.699    2.702    3.008    3.153
    5.217    5.224    5.309    5.344    5.601    5.607    9.351    9.358    9.636    9.693
    9.716    9.871   11.238   11.426   12.470   12.493   12.785   13.106   13.115   13.192
   13.685   13.700   17.170   17.194   17.860   17.960
            0.083291  0.128139  0.120308
  -11.366  -11.363  -11.281  -11.277  -11.139  -11.138   -1.113   -1.084    0.651    0.912
    1.016    1.071    1.265    1.269    2.231    2.233    2.583    2.587    2.791    2.938
    5.314    5.322    5.424    5.451    5.599    5.605    9.361    9.381    9.661    9.703
    9.757    9.878   11.330   11.518   12.597   12.604   12.869   13.162   13.178   13.253
   13.738   13.751   17.077   17.100   17.627   17.713
            0.089698  0.128139  0.120308
  -11.337  -11.334  -11.271  -11.267  -11.134  -11.133   -1.060   -1.027    0.608    0.871
    0.966    1.024    1.226    1.230    2.208    2.211    2.480    2.487    2.586    2.730
    5.386    5.393    5.508    5.527    5.596    5.602    9.378    9.405    9.687    9.712
    9.808    9.897   11.424   11.604   12.721   12.723   12.943   13.187   13.213   13.305
   13.806   13.816   16.988   17.007   17.409   17.480
            0.096105  0.128139  0.120308
  -11.309  -11.306  -11.261  -11.258  -11.130  -11.128   -1.012   -0.979    0.592    0.852
    0.928    0.988    1.190    1.193    2.186    2.189    2.373    2.426    2.437    2.532
    5.472    5.479    5.591    5.596    5.608    5.622    9.400    9.430    9.710    9.723
    9.860    9.925   11.514   11.679   12.839   12.841   13.010   13.206   13.244   13.349
   13.886   13.893   16.909   16.925   17.212   17.267
            0.102512  0.128139  0.120308
  -11.286  -11.283  -11.253  -11.251  -11.127  -11.126   -0.973   -0.942    0.596    0.837
    0.900    0.956    1.155    1.156    2.148    2.153    2.205    2.345    2.372    2.375
    5.513    5.519    5.596    5.598    5.644    5.656    9.423    9.451    9.727    9.734
    9.910    9.956   11.588   11.732   12.931   12.951   13.046   13.203   13.256   13.372
   13.952   13.956   16.836   16.847   17.041   17.080
            0.108919  0.128139  0.120308
  -11.265  -11.263  -11.246  -11.244  -11.125  -11.124   -0.944   -0.918    0.619    0.818
    0.905    0.942    1.117    1.117    2.048    2.127    2.128    2.176    2.354    2.355
    5.566    5.570    5.613    5.615    5.698    5.705    9.445    9.469    9.742    9.746
    9.954    9.986   11.654   11.770   13.014   13.049   13.078   13.209   13.272   13.376
   14.022   14.023   16.776   16.780   16.902   16.924
            0.115325  0.128139  0.120308
  -11.251  -11.249  -11.242  -11.240  -11.125  -11.124   -0.924   -0.905    0.652    0.788
    0.918    0.931    1.082    1.083    1.932    2.029    2.089    2.089    2.335    2.336
    5.583    5.587    5.606    5.608    5.710    5.714    9.463    9.480    9.752    9.754
    9.988   10.009   11.701   11.782   13.064   13.090   13.136   13.211   13.271   13.360
   14.060   14.061   16.723   16.728   16.802   16.809
            0.121732  0.128139  0.120308
  -11.241  -11.240  -11.237  -11.237  -11.124  -11.124   -0.904   -0.894    0.702    0.772
    0.944    0.947    1.085    1.086    1.874    1.928    2.068    2.069    2.327    2.327
    5.593    5.595    5.609    5.610    5.724    5.725    9.476    9.485    9.759    9.760
   10.013   10.023   11.757   11.798   13.091   13.098   13.221   13.241   13.289   13.346
   14.089   14.089   16.686   16.693   16.744   16.746
            0.128139  0.128139  0.120308
  -11.238  -11.238  -11.236  -11.236  -11.124  -11.124   -0.899   -0.899    0.738    0.738
    0.948    0.948    1.069    1.069    1.868    1.868    2.062    2.062    2.325    2.325
    5.604    5.604    5.607    5.607    5.731    5.731    9.484    9.484    9.762    9.762
   10.022   10.022   11.779   11.779   13.101   13.101   13.250   13.250   13.299   13.299
   14.100   14.100   16.674   16.674   16.727   16.727
