    EFERMI(eV)      omega(eV)             xx             yy             zz             xy             xz             yz              x              y              z
   0.798000E+01   0.000000E+00   0.121185E-10   0.114596E-10   0.258805E-14  -0.934346E-11  -0.166002E-12  -0.217913E-11  -0.782364E-13  -0.393635E-12  -0.243697E-07
   0.798500E+01   0.000000E+00  -0.131921E-10   0.789320E-11   0.345712E-14   0.131714E-10   0.264566E-12  -0.551718E-11  -0.452863E-11  -0.619942E-12  -0.375839E-07
   0.799000E+01   0.000000E+00  -0.333874E-11   0.105529E-10   0.300570E-14  -0.129483E-10   0.379457E-12  -0.511930E-11  -0.555165E-11  -0.343636E-12  -0.411156E-07
   0.799500E+01   0.000000E+00   0.232551E-10   0.143761E-10   0.513883E-14  -0.546422E-10   0.217423E-12   0.167746E-11   0.241997E-12   0.156287E-12  -0.272427E-07
   0.800000E+01   0.000000E+00   0.435902E-10   0.301675E-11   0.980977E-14  -0.414282E-10   0.864551E-12   0.566336E-11   0.355659E-11  -0.405311E-12  -0.299508E-07
   0.800500E+01   0.000000E+00   0.579699E-10  -0.321751E-10   0.184572E-13   0.285808E-10   0.240639E-11   0.523302E-11   0.252975E-11  -0.219114E-11  -0.461787E-07
   0.801000E+01   0.000000E+00   0.489122E-10  -0.492610E-10   0.371074E-13   0.627441E-10   0.243816E-11   0.664354E-11   0.342071E-11  -0.245237E-11  -0.405392E-07
   0.801500E+01   0.000000E+00  -0.206990E-10   0.307609E-11   0.603054E-13   0.312241E-10  -0.265567E-12   0.869291E-11   0.518213E-11   0.229639E-12  -0.291131E-07
   0.802000E+01   0.000000E+00  -0.929615E-10   0.699331E-10   0.781993E-13   0.387837E-11  -0.263437E-11   0.840712E-11   0.461994E-11   0.252737E-11  -0.473517E-07
   0.802500E+01   0.000000E+00  -0.846095E-10   0.717264E-10   0.981444E-13  -0.816998E-11  -0.242402E-11   0.861713E-11   0.412998E-11   0.209360E-11  -0.720069E-07
   0.803000E+01   0.000000E+00  -0.348652E-10   0.359030E-10   0.124239E-12  -0.320827E-10  -0.123662E-11   0.109244E-10   0.564679E-11   0.707214E-12  -0.593510E-07